Clade	FractionZero	FractionZeroNG	Ali_Length	N_HV_Sites
Int10172_376_423_L_90_128_L_41	0.265070921985816	0.893617021276596	1128	0
Int10172_376_423_L_90_128_R_49	0.356017191977077	0.85243553008596	1396	0
Int11247_267_326_R_108_147_L_56	0.341958041958042	0.742657342657343	1430	36
Int11247_267_326_R_108_147_R_52	0.089938167509837	0.630129286115795	1779	28
Int12194_239_292_L_69_103_R_28	0.745406824146982	0.927384076990376	1143	0
Int12194_239_292_L_69_77_L_15	0.781948168007149	0.934763181411975	1119	0
Int12194_239_292_L_69_78_R_26	0.736180904522613	0.946398659966499	1194	0
Int8443_258_351_L_88_120_L_38	0.608490566037736	0.852594339622642	848	0
Int8443_258_351_L_88_120_R_50	0.329254727474972	0.597330367074527	899	32
